100 100
48.63 49.06 49.47 49.87 50.25 50.62 50.96 51.29 51.60 51.89 52.17 52.42 52.65 52.86 53.06 53.23 53.38 53.51 53.62 53.71 53.77 53.82 53.84 53.84 53.82 53.78 53.71 53.63 53.52 53.39 53.25 53.08 52.89 52.68 52.45 52.19 51.92 51.64 51.33 51.00 50.66 50.29 49.91 49.52 49.10 48.68 48.23 47.77 47.29 46.80 46.30 45.78 45.25 44.71 44.15 43.58 43.00 42.41 41.80 41.19 40.56 39.93 39.28 38.63 37.97 37.29 36.61 35.92 35.23 34.52 33.81 33.09 32.36 31.63 30.88 30.14 29.38 28.62 27.86 27.09 26.31 25.53 24.74 23.95 23.15 22.35 21.54 20.73 19.92 19.10 18.27 17.45 16.62 15.78 14.94 14.10 13.26 12.41 11.56 10.70 
49.52 49.96 50.38 50.79 51.18 51.55 51.90 52.24 52.55 52.85 53.13 53.39 53.63 53.84 54.04 54.21 54.37 54.50 54.61 54.70 54.77 54.82 54.84 54.84 54.82 54.78 54.71 54.62 54.52 54.39 54.23 54.06 53.87 53.65 53.42 53.16 52.88 52.59 52.27 51.94 51.59 51.22 50.83 50.43 50.01 49.57 49.12 48.65 48.17 47.67 47.16 46.63 46.09 45.54 44.97 44.40 43.81 43.21 42.59 41.97 41.34 40.69 40.04 39.38 38.71 38.03 37.34 36.64 35.93 35.22 34.50 33.77 33.04 32.30 31.55 30.79 30.03 29.27 28.49 27.71 26.93 26.14 25.35 24.55 23.75 22.94 22.13 21.31 20.49 19.66 18.83 18.00 17.16 16.32 15.48 14.63 13.78 12.93 12.07 11.21 
50.42 50.86 51.29 51.71 52.10 52.48 52.84 53.18 53.51 53.81 54.09 54.36 54.60 54.82 55.02 55.20 55.36 55.49 55.61 55.70 55.77 55.82 55.84 55.84 55.82 55.78 55.71 55.62 55.51 55.37 55.22 55.04 54.84 54.62 54.38 54.12 53.84 53.54 53.22 52.88 52.52 52.15 51.75 51.34 50.91 50.47 50.01 49.53 49.04 48.53 48.01 47.47 46.93 46.36 45.79 45.20 44.61 44.00 43.38 42.75 42.10 41.45 40.79 40.12 39.44 38.75 38.05 37.35 36.64 35.91 35.19 34.45 33.71 32.96 32.20 31.44 30.67 29.90 29.12 28.34 27.55 26.75 25.95 25.14 24.33 23.52 22.70 21.88 21.05 20.22 19.39 18.55 17.71 16.86 16.01 15.16 14.30 13.44 12.58 11.72 
51.30 51.76 52.20 52.62 53.02 53.41 53.78 54.12 54.45 54.76 55.05 55.32 55.57 55.80 56.00 56.19 56.35 56.49 56.60 56.70 56.77 56.81 56.84 56.84 56.82 56.77 56.71 56.61 56.50 56.36 56.21 56.02 55.82 55.60 55.35 55.08 54.80 54.49 54.16 53.82 53.45 53.07 52.66 52.25 51.81 51.36 50.89 50.40 49.90 49.39 48.86 48.31 47.76 47.19 46.60 46.01 45.40 44.78 44.15 43.51 42.86 42.20 41.53 40.85 40.17 39.47 38.76 38.05 37.33 36.60 35.86 35.12 34.37 33.61 32.85 32.08 31.31 30.53 29.74 28.95 28.15 27.35 26.54 25.73 24.91 24.09 23.27 22.44 21.61 20.77 19.93 19.09 18.24 17.39 16.53 15.68 14.81 13.95 13.08 12.21 
52.19 52.65 53.10 53.53 53.94 54.33 54.71 55.06 55.40 55.72 56.01 56.29 56.54 56.77 56.98 57.17 57.34 57.48 57.60 57.69 57.77 57.81 57.84 57.84 57.82 57.77 57.70 57.61 57.49 57.35 57.19 57.01 56.80 56.57 56.32 56.04 55.75 55.44 55.10 54.75 54.38 53.98 53.57 53.15 52.70 52.24 51.76 51.27 50.76 50.24 49.70 49.14 48.58 48.00 47.41 46.80 46.19 45.56 44.92 44.27 43.61 42.95 42.27 41.58 40.88 40.18 39.46 38.74 38.01 37.28 36.53 35.78 35.02 34.26 33.49 32.71 31.93 31.14 30.35 29.55 28.75 27.94 27.12 26.31 25.48 24.66 23.83 22.99 22.15 21.31 20.46 19.61 18.76 17.90 17.05 16.18 15.32 14.45 13.58 12.70 
53.07 53.54 53.99 54.43 54.85 55.25 55.64 56.00 56.34 56.67 56.97 57.25 57.51 57.75 57.96 58.15 58.32 58.47 58.59 58.69 58.76 58.81 58.84 58.84 58.82 58.77 58.70 58.60 58.48 58.34 58.17 57.99 57.77 57.54 57.28 57.00 56.70 56.38 56.04 55.68 55.30 54.90 54.48 54.04 53.59 53.12 52.63 52.13 51.61 51.08 50.53 49.97 49.39 48.81 48.21 47.59 46.97 46.33 45.68 45.03 44.36 43.68 42.99 42.30 41.59 40.88 40.16 39.43 38.69 37.94 37.19 36.43 35.67 34.90 34.12 33.33 32.54 31.75 30.95 30.14 29.33 28.52 27.70 26.87 26.05 25.21 24.38 23.53 22.69 21.84 20.99 20.13 19.28 18.41 17.55 16.68 15.81 14.94 14.06 13.18 
53.94 54.42 54.89 55.33 55.76 56.17 56.56 56.93 57.29 57.62 57.93 58.21 58.48 58.72 58.94 59.14 59.31 59.46 59.58 59.69 59.76 59.81 59.84 59.84 59.82 59.77 59.70 59.60 59.48 59.33 59.16 58.96 58.75 58.51 58.24 57.96 57.65 57.32 56.98 56.61 56.22 55.81 55.38 54.94 54.48 54.00 53.50 52.99 52.46 51.92 51.36 50.79 50.20 49.61 49.00 48.37 47.74 47.09 46.44 45.77 45.09 44.41 43.71 43.01 42.29 41.57 40.84 40.10 39.36 38.60 37.84 37.08 36.30 35.52 34.74 33.95 33.15 32.35 31.54 30.73 29.91 29.09 28.26 27.43 26.60 25.76 24.91 24.07 23.22 22.36 21.51 20.65 19.78 18.91 18.04 17.17 16.29 15.42 14.53 13.65 
54.81 55.30 55.78 56.23 56.67 57.09 57.49 57.87 58.22 58.56 58.88 59.17 59.44 59.69 59.92 60.12 60.30 60.45 60.58 60.68 60.76 60.81 60.84 60.84 60.82 60.77 60.69 60.59 60.47 60.32 60.14 59.94 59.72 59.47 59.20 58.91 58.60 58.26 57.91 57.53 57.13 56.72 56.28 55.83 55.36 54.87 54.36 53.84 53.30 52.75 52.18 51.60 51.01 50.40 49.78 49.15 48.50 47.85 47.18 46.51 45.82 45.13 44.42 43.71 42.98 42.25 41.51 40.77 40.01 39.25 38.48 37.71 36.93 36.14 35.35 34.55 33.75 32.94 32.12 31.30 30.48 29.65 28.82 27.98 27.14 26.29 25.44 24.59 23.74 22.88 22.01 21.15 20.28 19.40 18.53 17.65 16.77 15.89 15.00 14.11 
55.67 56.17 56.66 57.12 57.57 58.00 58.41 58.79 59.16 59.51 59.83 60.13 60.41 60.66 60.90 61.10 61.28 61.44 61.57 61.68 61.76 61.81 61.84 61.84 61.82 61.76 61.69 61.58 61.46 61.30 61.12 60.92 60.69 60.44 60.16 59.86 59.54 59.20 58.84 58.45 58.04 57.62 57.17 56.71 56.23 55.73 55.22 54.68 54.14 53.58 53.00 52.41 51.80 51.19 50.56 49.91 49.26 48.60 47.92 47.23 46.54 45.83 45.12 44.40 43.67 42.93 42.18 41.42 40.66 39.89 39.12 38.33 37.54 36.75 35.95 35.14 34.33 33.52 32.69 31.87 31.04 30.20 29.36 28.52 27.67 26.82 25.97 25.11 24.24 23.38 22.51 21.64 20.76 19.89 19.00 18.12 17.24 16.35 15.46 14.56 
56.53 57.04 57.54 58.01 58.47 58.90 59.32 59.72 60.09 60.45 60.78 61.09 61.37 61.63 61.87 62.08 62.27 62.43 62.56 62.67 62.75 62.81 62.84 62.84 62.81 62.76 62.68 62.58 62.45 62.29 62.10 61.90 61.66 61.40 61.12 60.81 60.49 60.13 59.76 59.37 58.95 58.52 58.06 57.59 57.10 56.59 56.06 55.52 54.97 54.39 53.81 53.21 52.59 51.96 51.32 50.67 50.01 49.33 48.65 47.95 47.25 46.53 45.81 45.08 44.34 43.59 42.83 42.07 41.30 40.52 39.74 38.95 38.15 37.35 36.54 35.73 34.91 34.08 33.26 32.42 31.59 30.74 29.90 29.05 28.19 27.34 26.48 25.61 24.74 23.87 23.00 22.12 21.24 20.36 19.47 18.58 17.69 16.80 15.90 15.00 
57.38 57.90 58.41 58.89 59.36 59.81 60.23 60.64 61.02 61.38 61.72 62.04 62.33 62.60 62.84 63.06 63.25 63.42 63.56 63.67 63.75 63.81 63.84 63.84 63.81 63.76 63.68 63.57 63.44 63.27 63.08 62.87 62.63 62.36 62.07 61.76 61.42 61.06 60.68 60.28 59.85 59.41 58.95 58.46 57.96 57.44 56.91 56.36 55.79 55.20 54.61 54.00 53.37 52.73 52.08 51.42 50.75 50.06 49.37 48.66 47.95 47.22 46.49 45.75 45.00 44.24 43.48 42.71 41.93 41.14 40.35 39.55 38.75 37.94 37.12 36.30 35.47 34.64 33.81 32.97 32.12 31.28 30.42 29.57 28.71 27.84 26.98 26.11 25.23 24.35 23.48 22.59 21.71 20.82 19.93 19.03 18.14 17.24 16.34 15.44 
58.23 58.76 59.27 59.77 60.25 60.70 61.14 61.55 61.95 62.32 62.67 62.99 63.29 63.57 63.82 64.04 64.24 64.41 64.55 64.66 64.75 64.81 64.84 64.84 64.81 64.76 64.67 64.56 64.42 64.26 64.06 63.84 63.60 63.32 63.03 62.71 62.36 61.99 61.60 61.19 60.75 60.30 59.82 59.33 58.82 58.29 57.74 57.18 56.60 56.01 55.40 54.78 54.14 53.49 52.83 52.16 51.48 50.78 50.08 49.36 48.64 47.90 47.16 46.41 45.65 44.89 44.11 43.33 42.54 41.75 40.95 40.14 39.33 38.51 37.69 36.86 36.03 35.19 34.35 33.50 32.65 31.80 30.94 30.07 29.21 28.34 27.47 26.59 25.71 24.83 23.94 23.05 22.16 21.27 20.37 19.48 18.57 17.67 16.77 15.86 
59.07 59.61 60.13 60.64 61.13 61.60 62.04 62.47 62.87 63.25 63.61 63.94 64.25 64.53 64.79 65.02 65.22 65.39 65.54 65.66 65.75 65.81 65.84 65.84 65.81 65.76 65.67 65.55 65.41 65.24 65.04 64.81 64.56 64.28 63.98 63.65 63.29 62.91 62.51 62.09 61.65 61.18 60.70 60.19 59.67 59.13 58.57 58.00 57.41 56.80 56.18 55.55 54.90 54.24 53.57 52.89 52.20 51.49 50.78 50.05 49.32 48.57 47.82 47.06 46.29 45.52 44.74 43.95 43.15 42.35 41.54 40.72 39.90 39.08 38.25 37.41 36.57 35.73 34.88 34.03 33.17 32.31 31.44 30.57 29.70 28.82 27.95 27.06 26.18 25.29 24.40 23.51 22.61 21.71 20.81 19.91 19.00 18.09 17.18 16.27 
59.90 60.45 60.99 61.51 62.00 62.48 62.94 63.37 63.79 64.18 64.54 64.89 65.20 65.49 65.76 65.99 66.20 66.38 66.53 66.65 66.74 66.81 66.84 66.84 66.81 66.75 66.66 66.55 66.40 66.22 66.02 65.78 65.52 65.24 64.92 64.58 64.22 63.83 63.42 62.99 62.53 62.06 61.56 61.05 60.51 59.96 59.39 58.81 58.21 57.59 56.96 56.31 55.66 54.99 54.30 53.61 52.91 52.19 51.46 50.73 49.99 49.23 48.47 47.70 46.92 46.14 45.35 44.55 43.75 42.93 42.12 41.30 40.47 39.63 38.80 37.95 37.11 36.25 35.40 34.54 33.67 32.81 31.93 31.06 30.18 29.30 28.41 27.53 26.64 25.74 24.85 23.95 23.05 22.14 21.24 20.33 19.42 18.51 17.59 16.67 
60.72 61.29 61.83 62.36 62.87 63.36 63.83 64.28 64.70 65.10 65.48 65.83 66.15 66.45 66.72 66.97 67.18 67.37 67.52 67.65 67.74 67.80 67.84 67.84 67.81 67.75 67.66 67.54 67.39 67.20 66.99 66.75 66.48 66.19 65.87 65.52 65.15 64.75 64.33 63.88 63.42 62.93 62.42 61.89 61.35 60.78 60.20 59.61 58.99 58.37 57.72 57.07 56.40 55.72 55.02 54.32 53.60 52.88 52.14 51.40 50.64 49.88 49.11 48.33 47.54 46.75 45.95 45.14 44.33 43.51 42.68 41.85 41.02 40.18 39.33 38.48 37.63 36.77 35.91 35.04 34.17 33.29 32.42 31.53 30.65 29.76 28.87 27.98 27.08 26.18 25.28 24.38 23.47 22.56 21.65 20.74 19.82 18.91 17.99 17.07 
61.54 62.11 62.67 63.21 63.74 64.24 64.72 65.18 65.61 66.02 66.41 66.77 67.10 67.41 67.69 67.94 68.16 68.35 68.51 68.64 68.74 68.80 68.84 68.84 68.81 68.75 68.65 68.53 68.37 68.18 67.97 67.72 67.44 67.14 66.81 66.45 66.07 65.66 65.22 64.77 64.29 63.79 63.27 62.73 62.18 61.60 61.01 60.40 59.77 59.13 58.48 57.81 57.13 56.44 55.73 55.02 54.29 53.55 52.81 52.05 51.29 50.52 49.73 48.95 48.15 47.35 46.54 45.72 44.90 44.07 43.24 42.40 41.56 40.71 39.86 39.00 38.14 37.27 36.40 35.53 34.65 33.77 32.89 32.00 31.11 30.21 29.32 28.42 27.52 26.61 25.71 24.80 23.89 22.97 22.06 21.14 20.22 19.30 18.38 17.45 
62.34 62.93 63.50 64.06 64.59 65.10 65.60 66.07 66.51 66.94 67.33 67.70 68.05 68.36 68.65 68.91 69.14 69.34 69.50 69.63 69.73 69.80 69.84 69.84 69.81 69.74 69.65 69.52 69.36 69.16 68.94 68.68 68.40 68.09 67.74 67.38 66.98 66.56 66.12 65.65 65.16 64.65 64.12 63.57 63.00 62.41 61.80 61.18 60.54 59.89 59.22 58.54 57.85 57.15 56.43 55.70 54.97 54.22 53.46 52.70 51.92 51.14 50.35 49.55 48.74 47.93 47.11 46.29 45.46 44.62 43.78 42.94 42.08 41.23 40.37 39.50 38.63 37.76 36.88 36.00 35.12 34.23 33.34 32.45 31.55 30.65 29.75 28.85 27.94 27.03 26.12 25.21 24.29 23.37 22.45 21.53 20.61 19.68 18.75 17.82 
63.14 63.74 64.33 64.89 65.44 65.97 66.47 66.95 67.41 67.85 68.25 68.64 68.99 69.32 69.61 69.88 70.11 70.32 70.49 70.63 70.73 70.80 70.84 70.84 70.81 70.74 70.64 70.51 70.34 70.14 69.91 69.64 69.35 69.03 68.68 68.30 67.89 67.46 67.00 66.53 66.02 65.50 64.95 64.39 63.81 63.20 62.59 61.95 61.30 60.64 59.96 59.27 58.56 57.85 57.12 56.38 55.63 54.87 54.10 53.33 52.54 51.75 50.95 50.14 49.33 48.51 47.68 46.85 46.01 45.16 44.31 43.46 42.60 41.74 40.87 40.00 39.12 38.24 37.36 36.47 35.58 34.69 33.79 32.89 31.99 31.08 30.18 29.27 28.35 27.44 26.52 25.60 24.68 23.76 22.84 21.91 20.98 20.05 19.12 18.18 
63.92 64.54 65.14 65.72 66.28 66.82 67.34 67.83 68.30 68.75 69.17 69.56 69.93 70.27 70.57 70.85 71.09 71.30 71.48 71.62 71.73 71.80 71.84 71.84 71.81 71.74 71.63 71.49 71.32 71.11 70.88 70.60 70.30 69.97 69.61 69.22 68.80 68.35 67.89 67.39 66.88 66.34 65.78 65.20 64.61 63.99 63.36 62.71 62.05 61.37 60.68 59.98 59.26 58.53 57.79 57.04 56.28 55.51 54.73 53.95 53.15 52.35 51.54 50.72 49.90 49.07 48.23 47.39 46.54 45.69 44.83 43.97 43.10 42.23 41.35 40.48 39.59 38.71 37.82 36.92 36.03 35.13 34.22 33.32 32.41 31.50 30.59 29.67 28.76 27.84 26.91 25.99 25.06 24.14 23.21 22.28 21.34 20.41 19.47 18.54 
64.70 65.33 65.94 66.53 67.11 67.66 68.19 68.70 69.19 69.65 70.08 70.49 70.86 71.21 71.53 71.81 72.06 72.28 72.46 72.61 72.72 72.80 72.84 72.84 72.80 72.73 72.63 72.48 72.30 72.09 71.84 71.56 71.25 70.90 70.53 70.13 69.70 69.24 68.76 68.25 67.72 67.17 66.60 66.01 65.40 64.77 64.12 63.46 62.79 62.09 61.39 60.67 59.94 59.20 58.45 57.69 56.92 56.14 55.35 54.55 53.74 52.93 52.11 51.28 50.45 49.61 48.77 47.92 47.06 46.20 45.33 44.46 43.59 42.71 41.83 40.94 40.05 39.16 38.26 37.36 36.46 35.55 34.65 33.74 32.82 31.91 30.99 30.07 29.14 28.22 27.29 26.36 25.43 24.50 23.57 22.63 21.70 20.76 19.82 18.88 
65.46 66.11 66.73 67.34 67.93 68.50 69.04 69.57 70.07 70.54 70.99 71.40 71.79 72.15 72.48 72.77 73.03 73.26 73.45 73.60 73.72 73.80 73.84 73.84 73.80 73.73 73.62 73.47 73.28 73.06 72.80 72.51 72.19 71.83 71.45 71.03 70.59 70.12 69.62 69.10 68.56 67.99 67.41 66.80 66.18 65.53 64.87 64.20 63.51 62.80 62.09 61.36 60.62 59.86 59.10 58.32 57.54 56.75 55.95 55.14 54.32 53.50 52.67 51.83 50.99 50.14 49.29 48.43 47.57 46.70 45.82 44.95 44.06 43.18 42.29 41.39 40.50 39.60 38.70 37.79 36.88 35.97 35.06 34.14 33.22 32.30 31.38 30.45 29.52 28.59 27.66 26.73 25.79 24.86 23.92 22.98 22.04 21.09 20.15 19.20 
66.21 66.87 67.51 68.14 68.74 69.32 69.88 70.42 70.94 71.42 71.88 72.32 72.72 73.09 73.43 73.73 74.00 74.24 74.43 74.59 74.71 74.79 74.84 74.84 74.80 74.72 74.61 74.45 74.26 74.03 73.76 73.46 73.13 72.76 72.36 71.93 71.48 70.99 70.48 69.95 69.39 68.81 68.20 67.58 66.94 66.29 65.61 64.92 64.22 63.50 62.77 62.03 61.27 60.51 59.73 58.95 58.15 57.35 56.54 55.72 54.89 54.06 53.22 52.37 51.52 50.66 49.80 48.93 48.06 47.18 46.30 45.41 44.52 43.63 42.73 41.83 40.93 40.02 39.12 38.20 37.29 36.37 35.45 34.53 33.61 32.68 31.75 30.82 29.89 28.95 28.02 27.08 26.14 25.20 24.26 23.31 22.37 21.42 20.47 19.52 
66.95 67.62 68.28 68.92 69.54 70.14 70.71 71.27 71.80 72.30 72.77 73.22 73.64 74.02 74.37 74.69 74.97 75.21 75.42 75.58 75.71 75.79 75.84 75.84 75.80 75.72 75.60 75.44 75.24 75.00 74.72 74.41 74.06 73.68 73.27 72.83 72.35 71.85 71.33 70.78 70.20 69.61 68.99 68.35 67.70 67.03 66.34 65.63 64.91 64.18 63.44 62.68 61.91 61.14 60.35 59.55 58.74 57.93 57.11 56.28 55.44 54.60 53.75 52.89 52.03 51.16 50.29 49.41 48.53 47.65 46.76 45.87 44.97 44.07 43.17 42.26 41.35 40.44 39.52 38.60 37.68 36.76 35.83 34.91 33.98 33.05 32.11 31.18 30.24 29.30 28.36 27.42 26.47 25.53 24.58 23.63 22.68 21.73 20.78 19.83 
67.67 68.36 69.04 69.69 70.33 70.94 71.53 72.10 72.65 73.17 73.66 74.12 74.55 74.95 75.31 75.64 75.93 76.19 76.40 76.57 76.70 76.79 76.84 76.84 76.80 76.71 76.59 76.42 76.21 75.96 75.68 75.35 74.99 74.60 74.17 73.71 73.22 72.71 72.17 71.60 71.01 70.40 69.76 69.11 68.44 67.75 67.05 66.33 65.60 64.85 64.09 63.32 62.54 61.75 60.95 60.14 59.32 58.50 57.66 56.82 55.97 55.12 54.26 53.40 52.53 51.65 50.77 49.88 49.00 48.10 47.21 46.31 45.40 44.49 43.58 42.67 41.75 40.84 39.91 38.99 38.06 37.14 36.20 35.27 34.34 33.40 32.46 31.52 30.58 29.64 28.69 27.74 26.80 25.85 24.90 23.94 22.99 22.04 21.08 20.13 
68.38 69.09 69.78 70.45 71.10 71.73 72.34 72.93 73.49 74.02 74.53 75.01 75.46 75.87 76.25 76.59 76.89 77.16 77.38 77.56 77.70 77.79 77.84 77.84 77.80 77.71 77.58 77.40 77.18 76.92 76.63 76.29 75.91 75.50 75.06 74.59 74.08 73.55 72.99 72.41 71.80 71.17 70.52 69.85 69.16 68.46 67.74 67.01 66.26 65.50 64.73 63.94 63.15 62.35 61.53 60.71 59.88 59.04 58.20 57.35 56.49 55.63 54.76 53.88 53.00 52.12 51.23 50.34 49.44 48.54 47.64 46.73 45.82 44.90 43.99 43.07 42.14 41.22 40.29 39.36 38.43 37.50 36.56 35.62 34.68 33.74 32.80 31.85 30.91 29.96 29.01 28.06 27.11 26.15 25.20 24.24 23.29 22.33 21.37 20.41 
69.07 69.80 70.50 71.19 71.86 72.51 73.13 73.74 74.32 74.87 75.40 75.89 76.36 76.78 77.18 77.53 77.85 78.13 78.36 78.55 78.69 78.79 78.84 78.84 78.79 78.70 78.56 78.38 78.15 77.88 77.57 77.22 76.83 76.41 75.95 75.45 74.93 74.38 73.81 73.20 72.58 71.93 71.26 70.58 69.88 69.16 68.42 67.67 66.91 66.13 65.35 64.55 63.74 62.93 62.10 61.27 60.43 59.58 58.72 57.86 56.99 56.12 55.24 54.36 53.47 52.57 51.68 50.78 49.87 48.96 48.05 47.14 46.22 45.30 44.38 43.45 42.52 41.59 40.66 39.72 38.78 37.84 36.90 35.96 35.02 34.07 33.12 32.17 31.22 30.27 29.32 28.36 27.40 26.45 25.49 24.53 23.57 22.61 21.65 20.68 
69.75 70.49 71.21 71.92 72.60 73.27 73.92 74.54 75.14 75.71 76.25 76.77 77.25 77.69 78.10 78.47 78.80 79.09 79.33 79.53 79.68 79.78 79.83 79.84 79.79 79.69 79.55 79.36 79.12 78.84 78.51 78.15 77.74 77.30 76.82 76.31 75.77 75.20 74.61 73.99 73.34 72.68 71.99 71.29 70.57 69.83 69.08 68.32 67.54 66.75 65.95 65.14 64.32 63.49 62.65 61.80 60.95 60.09 59.22 58.35 57.47 56.59 55.70 54.81 53.91 53.01 52.11 51.20 50.29 49.37 48.45 47.53 46.60 45.68 44.75 43.82 42.88 41.94 41.01 40.06 39.12 38.18 37.23 36.28 35.33 34.38 33.43 32.48 31.52 30.57 29.61 28.65 27.69 26.73 25.77 24.80 23.84 22.88 21.91 20.94 
70.41 71.16 71.90 72.62 73.33 74.02 74.68 75.32 75.94 76.53 77.09 77.63 78.13 78.59 79.02 79.41 79.75 80.05 80.31 80.52 80.67 80.78 80.83 80.84 80.79 80.69 80.54 80.33 80.08 79.79 79.45 79.06 78.64 78.18 77.68 77.16 76.60 76.01 75.39 74.75 74.09 73.41 72.70 71.98 71.24 70.49 69.72 68.94 68.15 67.35 66.53 65.71 64.87 64.03 63.18 62.32 61.46 60.59 59.71 58.83 57.94 57.05 56.15 55.25 54.34 53.43 52.52 51.60 50.68 49.76 48.83 47.91 46.97 46.04 45.10 44.17 43.23 42.28 41.34 40.39 39.45 38.50 37.55 36.59 35.64 34.68 33.73 32.77 31.81 30.85 29.89 28.93 27.96 27.00 26.03 25.07 24.10 23.13 22.16 21.19 
71.04 71.82 72.57 73.31 74.04 74.74 75.43 76.09 76.73 77.34 77.92 78.48 79.00 79.48 79.93 80.33 80.70 81.01 81.28 81.50 81.66 81.78 81.83 81.84 81.79 81.68 81.52 81.31 81.04 80.73 80.38 79.98 79.53 79.05 78.54 77.99 77.41 76.80 76.16 75.50 74.82 74.12 73.40 72.66 71.90 71.13 70.35 69.55 68.74 67.92 67.09 66.25 65.41 64.55 63.69 62.82 61.94 61.06 60.18 59.28 58.39 57.48 56.58 55.67 54.75 53.84 52.91 51.99 51.06 50.13 49.20 48.26 47.33 46.39 45.45 44.50 43.56 42.61 41.66 40.71 39.75 38.80 37.84 36.89 35.93 34.97 34.01 33.05 32.08 31.12 30.15 29.19 28.22 27.25 26.28 25.32 24.34 23.37 22.40 21.43 
71.66 72.45 73.22 73.98 74.73 75.45 76.16 76.84 77.50 78.13 78.74 79.31 79.86 80.36 80.83 81.25 81.63 81.97 82.25 82.48 82.65 82.77 82.83 82.84 82.78 82.67 82.50 82.28 82.00 81.67 81.30 80.88 80.42 79.91 79.38 78.80 78.20 77.57 76.92 76.23 75.53 74.81 74.07 73.31 72.54 71.75 70.95 70.14 69.31 68.48 67.63 66.78 65.92 65.05 64.18 63.30 62.41 61.52 60.62 59.72 58.81 57.90 56.99 56.07 55.14 54.22 53.29 52.36 51.42 50.49 49.55 48.61 47.66 46.72 45.77 44.82 43.87 42.92 41.96 41.01 40.05 39.09 38.13 37.17 36.21 35.24 34.28 33.31 32.34 31.38 30.41 29.44 28.47 27.50 26.52 25.55 24.58 23.60 22.63 21.65 
72.25 73.06 73.85 74.63 75.40 76.14 76.87 77.57 78.25 78.91 79.54 80.14 80.70 81.23 81.72 82.16 82.56 82.91 83.21 83.46 83.64 83.77 83.83 83.84 83.78 83.66 83.48 83.24 82.95 82.60 82.21 81.77 81.28 80.76 80.20 79.61 78.98 78.33 77.65 76.95 76.22 75.48 74.72 73.94 73.15 72.35 71.53 70.70 69.86 69.01 68.15 67.29 66.41 65.53 64.65 63.76 62.86 61.95 61.05 60.13 59.22 58.30 57.37 56.45 55.52 54.58 53.65 52.71 51.77 50.83 49.88 48.93 47.98 47.03 46.08 45.12 44.17 43.21 42.25 41.29 40.33 39.36 38.40 37.43 36.47 35.50 34.53 33.56 32.59 31.62 30.65 29.67 28.70 27.73 26.75 25.78 24.80 23.82 22.85 21.87 
72.82 73.65 74.46 75.26 76.04 76.81 77.55 78.28 78.99 79.67 80.32 80.94 81.53 82.08 82.59 83.06 83.49 83.86 84.17 84.43 84.63 84.76 84.83 84.84 84.77 84.65 84.46 84.20 83.89 83.53 83.11 82.65 82.14 81.59 81.01 80.39 79.74 79.06 78.36 77.64 76.89 76.13 75.35 74.55 73.74 72.92 72.08 71.24 70.38 69.52 68.65 67.77 66.88 65.99 65.09 64.19 63.28 62.37 61.45 60.53 59.60 58.68 57.74 56.81 55.87 54.93 53.99 53.04 52.09 51.15 50.19 49.24 48.28 47.33 46.37 45.41 44.45 43.49 42.52 41.56 40.59 39.62 38.65 37.68 36.71 35.74 34.77 33.80 32.82 31.85 30.87 29.90 28.92 27.94 26.97 25.99 25.01 24.03 23.05 22.07 
73.37 74.21 75.04 75.86 76.66 77.45 78.22 78.97 79.69 80.40 81.08 81.73 82.34 82.92 83.46 83.95 84.40 84.79 85.13 85.40 85.61 85.76 85.83 85.84 85.77 85.63 85.43 85.16 84.83 84.45 84.00 83.52 82.98 82.41 81.80 81.15 80.48 79.77 79.05 78.30 77.53 76.75 75.95 75.13 74.30 73.46 72.61 71.75 70.88 70.00 69.12 68.23 67.33 66.43 65.52 64.60 63.68 62.76 61.83 60.90 59.97 59.03 58.09 57.15 56.20 55.26 54.31 53.36 52.40 51.45 50.49 49.53 48.57 47.61 46.64 45.68 44.71 43.75 42.78 41.81 40.84 39.87 38.89 37.92 36.95 35.97 35.00 34.02 33.04 32.06 31.09 30.11 29.13 28.15 27.17 26.19 25.20 24.22 23.24 22.26 
73.89 74.75 75.59 76.43 77.25 78.06 78.85 79.63 80.38 81.11 81.81 82.49 83.13 83.74 84.31 84.83 85.30 85.72 86.08 86.37 86.60 86.75 86.83 86.84 86.76 86.62 86.40 86.11 85.76 85.35 84.88 84.37 83.80 83.20 82.56 81.89 81.19 80.46 79.71 78.94 78.15 77.34 76.52 75.69 74.84 73.98 73.12 72.24 71.36 70.46 69.56 68.66 67.75 66.83 65.91 64.99 64.06 63.13 62.19 61.25 60.31 59.37 58.42 57.47 56.52 55.56 54.61 53.65 52.69 51.73 50.77 49.80 48.84 47.87 46.90 45.93 44.96 43.99 43.02 42.04 41.07 40.09 39.12 38.14 37.16 36.18 35.21 34.23 33.25 32.27 31.28 30.30 29.32 28.34 27.35 26.37 25.39 24.40 23.42 22.43 
74.38 75.25 76.12 76.97 77.82 78.65 79.46 80.26 81.03 81.79 82.52 83.23 83.90 84.54 85.13 85.69 86.19 86.63 87.02 87.33 87.58 87.74 87.83 87.83 87.76 87.60 87.36 87.06 86.68 86.24 85.74 85.20 84.61 83.97 83.30 82.60 81.87 81.12 80.34 79.55 78.74 77.91 77.07 76.21 75.35 74.47 73.59 72.70 71.80 70.90 69.98 69.07 68.14 67.22 66.29 65.35 64.41 63.47 62.53 61.58 60.63 59.68 58.72 57.77 56.81 55.85 54.89 53.92 52.96 51.99 51.02 50.05 49.08 48.11 47.14 46.17 45.19 44.22 43.24 42.26 41.28 40.30 39.33 38.35 37.36 36.38 35.40 34.42 33.44 32.45 31.47 30.48 29.50 28.51 27.53 26.54 25.56 24.57 23.58 22.60 
74.84 75.73 76.61 77.49 78.35 79.20 80.04 80.86 81.66 82.44 83.20 83.94 84.64 85.31 85.94 86.52 87.06 87.54 87.95 88.29 88.55 88.73 88.83 88.83 88.75 88.58 88.32 87.99 87.59 87.12 86.59 86.01 85.38 84.72 84.02 83.29 82.53 81.75 80.95 80.13 79.29 78.44 77.58 76.71 75.83 74.94 74.04 73.13 72.22 71.30 70.37 69.45 68.51 67.58 66.64 65.69 64.74 63.79 62.84 61.89 60.93 59.97 59.01 58.05 57.08 56.11 55.15 54.18 53.21 52.23 51.26 50.29 49.31 48.34 47.36 46.38 45.40 44.42 43.44 42.46 41.48 40.50 39.52 38.53 37.55 36.57 35.58 34.60 33.61 32.63 31.64 30.65 29.67 28.68 27.69 26.70 25.71 24.72 23.74 22.75 
75.26 76.17 77.07 77.96 78.85 79.72 80.58 81.42 82.25 83.06 83.85 84.61 85.35 86.05 86.72 87.34 87.91 88.42 88.87 89.24 89.53 89.72 89.83 89.83 89.74 89.55 89.27 88.91 88.48 87.97 87.41 86.79 86.13 85.43 84.70 83.94 83.15 82.34 81.52 80.67 79.81 78.94 78.06 77.17 76.27 75.36 74.45 73.53 72.60 71.67 70.74 69.80 68.85 67.91 66.96 66.00 65.05 64.09 63.13 62.17 61.20 60.24 59.27 58.30 57.33 56.36 55.38 54.41 53.43 52.46 51.48 50.50 49.52 48.54 47.56 46.58 45.60 44.62 43.63 42.65 41.66 40.68 39.69 38.71 37.72 36.74 35.75 34.76 33.77 32.78 31.80 30.81 29.82 28.83 27.84 26.85 25.86 24.87 23.88 22.88 
75.66 76.58 77.50 78.41 79.31 80.20 81.08 81.95 82.80 83.64 84.46 85.26 86.03 86.76 87.47 88.13 88.74 89.29 89.77 90.18 90.49 90.71 90.83 90.83 90.73 90.52 90.22 89.82 89.35 88.80 88.20 87.54 86.85 86.11 85.34 84.55 83.73 82.90 82.05 81.18 80.30 79.41 78.51 77.60 76.68 75.76 74.83 73.90 72.96 72.02 71.07 70.12 69.16 68.21 67.25 66.29 65.32 64.36 63.39 62.42 61.45 60.48 59.51 58.53 57.56 56.58 55.60 54.62 53.64 52.66 51.68 50.70 49.72 48.73 47.75 46.76 45.78 44.79 43.80 42.82 41.83 40.84 39.85 38.87 37.88 36.89 35.90 34.91 33.92 32.93 31.94 30.95 29.95 28.96 27.97 26.98 25.99 24.99 24.00 23.01 
76.01 76.95 77.88 78.81 79.73 80.64 81.54 82.43 83.31 84.18 85.03 85.85 86.66 87.44 88.18 88.88 89.53 90.13 90.66 91.10 91.45 91.70 91.82 91.83 91.72 91.48 91.15 90.71 90.19 89.60 88.96 88.26 87.52 86.75 85.95 85.12 84.27 83.41 82.53 81.64 80.74 79.83 78.91 77.99 77.06 76.12 75.18 74.23 73.28 72.33 71.37 70.41 69.45 68.48 67.52 66.55 65.58 64.60 63.63 62.65 61.68 60.70 59.72 58.74 57.76 56.78 55.80 54.81 53.83 52.85 51.86 50.87 49.89 48.90 47.91 46.93 45.94 44.95 43.96 42.97 41.98 40.99 40.00 39.01 38.02 37.03 36.03 35.04 34.05 33.06 32.06 31.07 30.08 29.09 28.09 27.10 26.10 25.11 24.12 23.12 
76.34 77.29 78.23 79.18 80.11 81.04 81.96 82.88 83.78 84.67 85.55 86.41 87.25 88.06 88.85 89.59 90.29 90.94 91.52 92.01 92.40 92.68 92.82 92.83 92.70 92.44 92.06 91.58 91.01 90.37 89.67 88.93 88.15 87.34 86.50 85.64 84.77 83.88 82.98 82.07 81.14 80.22 79.28 78.34 77.39 76.44 75.49 74.53 73.57 72.60 71.64 70.67 69.70 68.73 67.75 66.78 65.80 64.82 63.84 62.86 61.88 60.90 59.91 58.93 57.94 56.96 55.97 54.98 54.00 53.01 52.02 51.03 50.04 49.05 48.06 47.07 46.08 45.09 44.10 43.10 42.11 41.12 40.13 39.13 38.14 37.15 36.15 35.16 34.17 33.17 32.18 31.18 30.19 29.19 28.20 27.20 26.21 25.21 24.22 23.22 
76.62 77.58 78.54 79.50 80.45 81.40 82.34 83.27 84.20 85.11 86.02 86.91 87.78 88.63 89.46 90.25 91.01 91.71 92.34 92.89 93.33 93.65 93.82 93.83 93.68 93.38 92.94 92.41 91.78 91.09 90.34 89.55 88.73 87.88 87.00 86.12 85.21 84.30 83.37 82.44 81.50 80.56 79.60 78.65 77.69 76.73 75.76 74.79 73.82 72.85 71.87 70.90 69.92 68.94 67.96 66.98 65.99 65.01 64.03 63.04 62.05 61.07 60.08 59.09 58.10 57.11 56.12 55.13 54.14 53.15 52.16 51.17 50.17 49.18 48.19 47.20 46.20 45.21 44.22 43.22 42.23 41.23 40.24 39.24 38.25 37.25 36.26 35.26 34.27 33.27 32.28 31.28 30.28 29.29 28.29 27.29 26.30 25.30 24.31 23.31 
76.86 77.84 78.81 79.78 80.74 81.70 82.66 83.61 84.56 85.50 86.43 87.35 88.25 89.14 90.01 90.85 91.66 92.42 93.12 93.74 94.24 94.61 94.81 94.82 94.64 94.29 93.80 93.19 92.50 91.75 90.94 90.11 89.24 88.35 87.45 86.53 85.60 84.66 83.72 82.77 81.81 80.85 79.88 78.92 77.94 76.97 76.00 75.02 74.04 73.06 72.08 71.09 70.11 69.12 68.14 67.15 66.16 65.17 64.18 63.19 62.20 61.21 60.22 59.23 58.24 57.24 56.25 55.26 54.26 53.27 52.28 51.28 50.29 49.29 48.30 47.30 46.31 45.31 44.32 43.32 42.32 41.33 40.33 39.34 38.34 37.34 36.35 35.35 34.35 33.36 32.36 31.36 30.36 29.37 28.37 27.37 26.38 25.38 24.38 23.38 
77.06 78.05 79.03 80.01 80.98 81.96 82.93 83.90 84.86 85.82 86.77 87.72 88.65 89.58 90.49 91.38 92.24 93.06 93.83 94.53 95.12 95.56 95.81 95.82 95.60 95.18 94.60 93.91 93.15 92.33 91.47 90.59 89.68 88.76 87.82 86.88 85.93 84.97 84.01 83.04 82.07 81.09 80.12 79.14 78.16 77.17 76.19 75.20 74.22 73.23 72.24 71.25 70.26 69.27 68.28 67.29 66.30 65.31 64.31 63.32 62.33 61.33 60.34 59.34 58.35 57.35 56.36 55.36 54.37 53.37 52.37 51.38 50.38 49.38 48.39 47.39 46.39 45.40 44.40 43.40 42.41 41.41 40.41 39.41 38.42 37.42 36.42 35.42 34.42 33.43 32.43 31.43 30.43 29.43 28.44 27.44 26.44 25.44 24.44 23.44 
77.22 78.21 79.20 80.19 81.18 82.16 83.15 84.13 85.11 86.08 87.05 88.02 88.98 89.94 90.88 91.81 92.72 93.61 94.46 95.24 95.94 96.48 96.79 96.81 96.53 96.01 95.33 94.55 93.71 92.82 91.91 90.98 90.04 89.09 88.13 87.16 86.19 85.21 84.24 83.26 82.27 81.29 80.30 79.31 78.32 77.33 76.34 75.35 74.36 73.37 72.37 71.38 70.39 69.39 68.40 67.40 66.41 65.41 64.42 63.42 62.42 61.43 60.43 59.43 58.44 57.44 56.44 55.44 54.45 53.45 52.45 51.45 50.46 49.46 48.46 47.46 46.46 45.46 44.47 43.47 42.47 41.47 40.47 39.47 38.47 37.48 36.48 35.48 34.48 33.48 32.48 31.48 30.48 29.49 28.49 27.49 26.49 25.49 24.49 23.49 
77.34 78.34 79.33 80.33 81.32 82.31 83.30 84.30 85.29 86.27 87.26 88.24 89.23 90.20 91.18 92.14 93.10 94.04 94.96 95.84 96.66 97.34 97.77 97.80 97.40 96.74 95.94 95.06 94.14 93.20 92.25 91.28 90.31 89.34 88.35 87.37 86.38 85.40 84.41 83.42 82.42 81.43 80.44 79.44 78.45 77.45 76.46 75.46 74.46 73.47 72.47 71.47 70.48 69.48 68.48 67.48 66.49 65.49 64.49 63.49 62.49 61.50 60.50 59.50 58.50 57.50 56.50 55.50 54.50 53.51 52.51 51.51 50.51 49.51 48.51 47.51 46.51 45.51 44.51 43.51 42.52 41.52 40.52 39.52 38.52 37.52 36.52 35.52 34.52 33.52 32.52 31.52 30.52 29.52 28.52 27.52 26.52 25.52 24.53 23.53 
77.41 78.41 79.41 80.41 81.41 82.41 83.40 84.40 85.40 86.39 87.39 88.39 89.38 90.37 91.37 92.36 93.34 94.32 95.30 96.26 97.19 98.06 98.72 98.76 98.15 97.30 96.37 95.41 94.43 93.45 92.47 91.48 90.49 89.49 88.50 87.50 86.51 85.51 84.51 83.52 82.52 81.52 80.52 79.52 78.52 77.53 76.53 75.53 74.53 73.53 72.53 71.53 70.53 69.53 68.53 67.54 66.54 65.54 64.54 63.54 62.54 61.54 60.54 59.54 58.54 57.54 56.54 55.54 54.54 53.54 52.54 51.54 50.54 49.54 48.54 47.54 46.54 45.54 44.54 43.54 42.54 41.54 40.54 39.54 38.55 37.55 36.55 35.55 34.55 33.55 32.55 31.55 30.55 29.55 28.55 27.55 26.55 25.55 24.55 23.55 
77.44 78.44 79.44 80.44 81.44 82.44 83.44 84.44 85.44 86.44 87.44 88.44 89.44 90.44 91.44 92.44 93.44 94.44 95.44 96.44 97.44 98.44 99.42 99.53 98.55 97.55 96.55 95.55 94.55 93.55 92.55 91.55 90.55 89.55 88.55 87.55 86.56 85.56 84.56 83.56 82.56 81.56 80.56 79.56 78.56 77.56 76.56 75.56 74.56 73.56 72.56 71.56 70.56 69.56 68.56 67.56 66.56 65.56 64.56 63.56 62.56 61.56 60.56 59.56 58.56 57.56 56.56 55.56 54.56 53.56 52.56 51.56 50.56 49.56 48.56 47.56 46.56 45.56 44.56 43.56 42.56 41.56 40.56 39.56 38.56 37.56 36.56 35.56 34.56 33.56 32.56 31.56 30.56 29.56 28.56 27.56 26.56 25.56 24.56 23.56 
77.43 78.43 79.43 80.43 81.42 82.42 83.42 84.42 85.42 86.42 87.42 88.41 89.41 90.41 91.40 92.40 93.39 94.38 95.37 96.35 97.31 98.23 98.99 99.05 98.33 97.41 96.45 95.48 94.49 93.50 92.51 91.51 90.52 89.52 88.52 87.53 86.53 85.53 84.53 83.53 82.54 81.54 80.54 79.54 78.54 77.54 76.54 75.54 74.54 73.54 72.54 71.54 70.54 69.54 68.54 67.54 66.55 65.55 64.55 63.55 62.55 61.55 60.55 59.55 58.55 57.55 56.55 55.55 54.55 53.55 52.55 51.55 50.55 49.55 48.55 47.55 46.55 45.55 44.55 43.55 42.55 41.55 40.55 39.55 38.55 37.55 36.55 35.55 34.55 33.55 32.55 31.55 30.55 29.55 28.55 27.55 26.55 25.55 24.55 23.55 
77.37 78.37 79.36 80.36 81.35 82.35 83.34 84.34 85.33 86.32 87.31 88.30 89.28 90.27 91.25 92.22 93.19 94.15 95.09 96.00 96.85 97.59 98.08 98.10 97.66 96.94 96.09 95.19 94.25 93.30 92.33 91.36 90.38 89.39 88.41 87.42 86.43 85.44 84.45 83.45 82.46 81.46 80.47 79.47 78.48 77.48 76.48 75.49 74.49 73.49 72.49 71.50 70.50 69.50 68.50 67.50 66.51 65.51 64.51 63.51 62.51 61.51 60.51 59.51 58.51 57.52 56.52 55.52 54.52 53.52 52.52 51.52 50.52 49.52 48.52 47.52 46.52 45.52 44.53 43.53 42.53 41.53 40.53 39.53 38.53 37.53 36.53 35.53 34.53 33.53 32.53 31.53 30.53 29.53 28.53 27.53 26.53 25.53 24.53 23.53 
77.27 78.26 79.25 80.24 81.23 82.22 83.20 84.19 85.17 86.15 87.13 88.10 89.07 90.03 90.98 91.93 92.85 93.76 94.63 95.45 96.18 96.76 97.10 97.12 96.81 96.25 95.53 94.72 93.86 92.96 92.03 91.09 90.14 89.18 88.21 87.24 86.26 85.28 84.30 83.31 82.33 81.34 80.35 79.36 78.37 77.38 76.38 75.39 74.40 73.40 72.41 71.41 70.42 69.42 68.43 67.43 66.44 65.44 64.44 63.45 62.45 61.45 60.45 59.46 58.46 57.46 56.46 55.47 54.47 53.47 52.47 51.47 50.47 49.48 48.48 47.48 46.48 45.48 44.48 43.48 42.49 41.49 40.49 39.49 38.49 37.49 36.49 35.49 34.49 33.50 32.50 31.50 30.50 29.50 28.50 27.50 26.50 25.50 24.50 23.50 
77.12 78.10 79.09 80.07 81.05 82.03 83.00 83.98 84.95 85.91 86.87 87.82 88.77 89.70 90.62 91.52 92.40 93.24 94.04 94.76 95.38 95.85 96.12 96.13 95.90 95.45 94.84 94.13 93.34 92.50 91.62 90.72 89.80 88.87 87.93 86.98 86.02 85.05 84.09 83.11 82.14 81.16 80.18 79.20 78.21 77.23 76.24 75.26 74.27 73.28 72.29 71.30 70.31 69.31 68.32 67.33 66.34 65.34 64.35 63.35 62.36 61.36 60.37 59.37 58.38 57.38 56.39 55.39 54.39 53.40 52.40 51.40 50.41 49.41 48.41 47.42 46.42 45.42 44.42 43.43 42.43 41.43 40.43 39.43 38.44 37.44 36.44 35.44 34.44 33.44 32.45 31.45 30.45 29.45 28.45 27.45 26.46 25.46 24.46 23.46 
76.93 77.91 78.88 79.85 80.82 81.79 82.75 83.71 84.66 85.61 86.54 87.47 88.39 89.29 90.17 91.03 91.85 92.63 93.35 93.99 94.52 94.91 95.13 95.14 94.95 94.58 94.06 93.43 92.71 91.94 91.12 90.27 89.39 88.49 87.57 86.65 85.71 84.77 83.81 82.86 81.90 80.93 79.96 78.99 78.02 77.04 76.06 75.08 74.10 73.12 72.13 71.15 70.16 69.17 68.19 67.20 66.21 65.22 64.23 63.24 62.24 61.25 60.26 59.27 58.27 57.28 56.29 55.29 54.30 53.30 52.31 51.31 50.32 49.32 48.33 47.33 46.34 45.34 44.34 43.35 42.35 41.36 40.36 39.36 38.37 37.37 36.37 35.37 34.38 33.38 32.38 31.38 30.39 29.39 28.39 27.39 26.40 25.40 24.40 23.40 
76.70 77.67 78.63 79.59 80.55 81.50 82.44 83.38 84.32 85.24 86.15 87.05 87.94 88.80 89.64 90.45 91.22 91.94 92.59 93.16 93.62 93.95 94.13 94.14 93.98 93.67 93.22 92.66 92.01 91.30 90.54 89.73 88.89 88.03 87.15 86.25 85.34 84.42 83.49 82.55 81.60 80.65 79.70 78.74 77.77 76.81 75.84 74.87 73.89 72.92 71.94 70.96 69.98 69.00 68.02 67.03 66.05 65.06 64.08 63.09 62.10 61.11 60.13 59.14 58.15 57.16 56.16 55.17 54.18 53.19 52.20 51.20 50.21 49.22 48.23 47.23 46.24 45.24 44.25 43.25 42.26 41.26 40.27 39.27 38.28 37.28 36.29 35.29 34.30 33.30 32.30 31.31 30.31 29.31 28.32 27.32 26.32 25.33 24.33 23.33 
76.43 77.38 78.34 79.28 80.22 81.16 82.09 83.01 83.92 84.81 85.70 86.57 87.42 88.25 89.04 89.81 90.52 91.19 91.78 92.29 92.70 92.98 93.13 93.14 93.01 92.73 92.34 91.84 91.26 90.60 89.89 89.13 88.34 87.51 86.67 85.80 84.91 84.02 83.11 82.19 81.26 80.33 79.39 78.44 77.49 76.54 75.58 74.62 73.65 72.68 71.72 70.74 69.77 68.80 67.82 66.84 65.86 64.88 63.90 62.92 61.94 60.95 59.97 58.98 57.99 57.01 56.02 55.03 54.04 53.05 52.07 51.08 50.08 49.09 48.10 47.11 46.12 45.13 44.14 43.14 42.15 41.16 40.16 39.17 38.18 37.18 36.19 35.19 34.20 33.20 32.21 31.21 30.22 29.22 28.23 27.23 26.24 25.24 24.25 23.25 
76.12 77.06 78.00 78.93 79.85 80.77 81.68 82.58 83.47 84.34 85.20 86.03 86.85 87.64 88.39 89.11 89.78 90.39 90.93 91.39 91.75 92.00 92.14 92.14 92.03 91.79 91.43 90.99 90.45 89.85 89.19 88.48 87.72 86.94 86.13 85.29 84.44 83.56 82.68 81.78 80.87 79.96 79.03 78.10 77.17 76.23 75.28 74.33 73.37 72.42 71.46 70.49 69.53 68.56 67.59 66.62 65.65 64.67 63.70 62.72 61.74 60.76 59.78 58.80 57.82 56.84 55.85 54.87 53.88 52.90 51.91 50.93 49.94 48.95 47.96 46.97 45.98 44.99 44.00 43.01 42.02 41.03 40.04 39.05 38.06 37.07 36.07 35.08 34.09 33.09 32.10 31.11 30.11 29.12 28.13 27.13 26.14 25.14 24.15 23.15 
75.77 76.70 77.62 78.54 79.44 80.34 81.23 82.11 82.97 83.81 84.64 85.45 86.23 86.98 87.70 88.37 88.99 89.56 90.05 90.47 90.80 91.02 91.14 91.15 91.04 90.83 90.51 90.10 89.62 89.06 88.44 87.77 87.06 86.32 85.54 84.73 83.91 83.06 82.20 81.33 80.44 79.55 78.64 77.73 76.80 75.88 74.94 74.01 73.06 72.12 71.17 70.21 69.26 68.30 67.34 66.37 65.41 64.44 63.47 62.50 61.53 60.55 59.58 58.60 57.62 56.64 55.67 54.68 53.70 52.72 51.74 50.76 49.77 48.79 47.80 46.82 45.83 44.84 43.86 42.87 41.88 40.89 39.90 38.91 37.92 36.93 35.94 34.95 33.96 32.97 31.98 30.99 30.00 29.00 28.01 27.02 26.03 25.03 24.04 23.05 
75.39 76.30 77.21 78.11 79.00 79.87 80.74 81.59 82.43 83.25 84.05 84.82 85.57 86.28 86.96 87.59 88.17 88.70 89.15 89.53 89.83 90.04 90.14 90.15 90.05 89.86 89.57 89.20 88.75 88.24 87.66 87.03 86.36 85.65 84.91 84.13 83.34 82.52 81.69 80.84 79.97 79.09 78.21 77.31 76.40 75.49 74.57 73.65 72.72 71.78 70.84 69.90 68.95 68.00 67.05 66.10 65.14 64.18 63.21 62.25 61.28 60.32 59.35 58.38 57.40 56.43 55.45 54.48 53.50 52.52 51.55 50.57 49.59 48.60 47.62 46.64 45.66 44.67 43.69 42.70 41.72 40.73 39.75 38.76 37.77 36.78 35.80 34.81 33.82 32.83 31.84 30.85 29.86 28.87 27.88 26.89 25.90 24.91 23.92 22.92 
74.97 75.87 76.76 77.64 78.51 79.37 80.21 81.04 81.85 82.64 83.41 84.15 84.87 85.55 86.19 86.78 87.33 87.82 88.24 88.59 88.86 89.05 89.14 89.15 89.06 88.89 88.62 88.28 87.87 87.39 86.85 86.26 85.62 84.95 84.24 83.49 82.73 81.94 81.13 80.30 79.46 78.61 77.74 76.86 75.97 75.07 74.17 73.26 72.34 71.42 70.49 69.56 68.62 67.68 66.74 65.79 64.84 63.89 62.93 61.98 61.02 60.06 59.09 58.13 57.16 56.19 55.22 54.25 53.28 52.31 51.33 50.36 49.38 48.40 47.43 46.45 45.47 44.49 43.51 42.52 41.54 40.56 39.58 38.59 37.61 36.62 35.64 34.65 33.66 32.68 31.69 30.70 29.71 28.73 27.74 26.75 25.76 24.77 23.78 22.79 
74.52 75.41 76.28 77.14 77.99 78.82 79.64 80.45 81.24 82.00 82.74 83.45 84.14 84.78 85.39 85.95 86.46 86.92 87.31 87.64 87.88 88.06 88.14 88.15 88.07 87.91 87.67 87.35 86.97 86.52 86.01 85.46 84.85 84.21 83.53 82.82 82.08 81.32 80.54 79.74 78.92 78.08 77.23 76.37 75.50 74.62 73.73 72.84 71.93 71.03 70.11 69.19 68.26 67.33 66.40 65.46 64.52 63.58 62.63 61.68 60.73 59.77 58.82 57.86 56.90 55.93 54.97 54.01 53.04 52.07 51.10 50.13 49.16 48.18 47.21 46.24 45.26 44.28 43.31 42.33 41.35 40.37 39.39 38.41 37.43 36.44 35.46 34.48 33.49 32.51 31.52 30.54 29.55 28.57 27.58 26.59 25.61 24.62 23.63 22.64 
74.04 74.91 75.76 76.60 77.43 78.25 79.05 79.83 80.59 81.33 82.04 82.72 83.38 83.99 84.57 85.10 85.58 86.01 86.37 86.67 86.91 87.06 87.15 87.15 87.08 86.93 86.70 86.41 86.05 85.63 85.16 84.63 84.06 83.45 82.80 82.12 81.41 80.67 79.91 79.14 78.34 77.53 76.70 75.86 75.00 74.14 73.27 72.39 71.50 70.60 69.70 68.79 67.88 66.96 66.03 65.11 64.17 63.24 62.30 61.36 60.41 59.47 58.52 57.57 56.61 55.66 54.70 53.74 52.78 51.81 50.85 49.88 48.92 47.95 46.98 46.01 45.03 44.06 43.09 42.11 41.14 40.16 39.18 38.21 37.23 36.25 35.27 34.29 33.31 32.33 31.34 30.36 29.38 28.39 27.41 26.43 25.44 24.46 23.47 22.48 
73.54 74.38 75.22 76.04 76.85 77.64 78.42 79.18 79.91 80.63 81.31 81.97 82.59 83.18 83.73 84.23 84.68 85.08 85.43 85.71 85.92 86.07 86.15 86.15 86.08 85.94 85.74 85.46 85.13 84.73 84.28 83.79 83.24 82.66 82.04 81.39 80.70 79.99 79.26 78.51 77.73 76.94 76.13 75.31 74.48 73.63 72.77 71.91 71.03 70.15 69.26 68.37 67.46 66.56 65.64 64.73 63.80 62.88 61.95 61.02 60.08 59.14 58.20 57.25 56.31 55.36 54.40 53.45 52.49 51.54 50.58 49.62 48.65 47.69 46.73 45.76 44.79 43.82 42.85 41.88 40.91 39.94 38.97 37.99 37.02 36.04 35.06 34.09 33.11 32.13 31.15 30.17 29.19 28.21 27.23 26.25 25.26 24.28 23.30 22.31 
73.00 73.83 74.65 75.45 76.24 77.01 77.76 78.50 79.21 79.90 80.56 81.19 81.79 82.35 82.87 83.34 83.77 84.15 84.47 84.74 84.94 85.08 85.15 85.15 85.09 84.96 84.76 84.51 84.19 83.82 83.40 82.92 82.41 81.85 81.26 80.63 79.97 79.29 78.58 77.85 77.10 76.33 75.54 74.74 73.92 73.09 72.25 71.40 70.54 69.68 68.80 67.92 67.03 66.13 65.23 64.32 63.41 62.49 61.57 60.65 59.72 58.79 57.86 56.92 55.98 55.04 54.09 53.14 52.19 51.24 50.29 49.33 48.38 47.42 46.46 45.50 44.53 43.57 42.60 41.64 40.67 39.70 38.73 37.76 36.79 35.82 34.84 33.87 32.89 31.92 30.94 29.97 28.99 28.01 27.03 26.05 25.07 24.09 23.11 22.13 
72.44 73.25 74.05 74.83 75.60 76.35 77.09 77.80 78.49 79.15 79.79 80.39 80.96 81.50 81.99 82.45 82.85 83.21 83.52 83.76 83.95 84.08 84.15 84.15 84.09 83.97 83.79 83.55 83.25 82.90 82.50 82.05 81.56 81.02 80.46 79.85 79.22 78.56 77.88 77.17 76.44 75.69 74.92 74.14 73.34 72.53 71.70 70.87 70.03 69.17 68.31 67.44 66.56 65.68 64.79 63.89 62.99 62.09 61.18 60.26 59.34 58.42 57.49 56.56 55.63 54.70 53.76 52.82 51.87 50.93 49.98 49.03 48.08 47.13 46.17 45.22 44.26 43.30 42.34 41.37 40.41 39.45 38.48 37.51 36.55 35.58 34.61 33.64 32.67 31.69 30.72 29.75 28.77 27.80 26.82 25.84 24.87 23.89 22.91 21.93 
71.85 72.64 73.43 74.19 74.94 75.67 76.38 77.07 77.74 78.38 78.99 79.57 80.12 80.64 81.11 81.54 81.93 82.26 82.55 82.79 82.96 83.09 83.15 83.15 83.10 82.98 82.81 82.58 82.30 81.97 81.59 81.16 80.69 80.18 79.64 79.06 78.45 77.81 77.15 76.46 75.75 75.02 74.28 73.51 72.73 71.94 71.13 70.32 69.49 68.65 67.80 66.94 66.08 65.21 64.33 63.44 62.55 61.66 60.76 59.85 58.94 58.03 57.11 56.19 55.26 54.34 53.41 52.47 51.54 50.60 49.66 48.71 47.77 46.82 45.87 44.92 43.96 43.01 42.05 41.10 40.14 39.18 38.22 37.25 36.29 35.32 34.36 33.39 32.42 31.45 30.48 29.51 28.54 27.57 26.60 25.62 24.65 23.67 22.70 21.72 
71.24 72.02 72.78 73.53 74.26 74.97 75.66 76.33 76.97 77.59 78.18 78.74 79.27 79.76 80.21 80.62 80.99 81.31 81.58 81.81 81.98 82.09 82.15 82.15 82.10 81.99 81.83 81.61 81.35 81.03 80.67 80.26 79.81 79.33 78.80 78.25 77.66 77.04 76.40 75.74 75.05 74.34 73.61 72.86 72.10 71.33 70.54 69.74 68.92 68.10 67.27 66.42 65.57 64.71 63.85 62.97 62.09 61.21 60.32 59.42 58.52 57.62 56.71 55.80 54.88 53.96 53.03 52.11 51.18 50.25 49.31 48.37 47.44 46.49 45.55 44.60 43.66 42.71 41.76 40.80 39.85 38.89 37.94 36.98 36.02 35.06 34.09 33.13 32.17 31.20 30.24 29.27 28.30 27.33 26.36 25.39 24.42 23.45 22.47 21.50 
70.61 71.37 72.11 72.84 73.55 74.25 74.92 75.57 76.19 76.79 77.36 77.90 78.40 78.87 79.31 79.70 80.05 80.36 80.61 80.82 80.98 81.09 81.15 81.15 81.10 81.00 80.85 80.64 80.39 80.09 79.74 79.35 78.92 78.46 77.95 77.42 76.85 76.26 75.64 74.99 74.32 73.63 72.92 72.20 71.45 70.70 69.92 69.14 68.34 67.53 66.71 65.88 65.04 64.20 63.34 62.48 61.61 60.74 59.86 58.97 58.08 57.19 56.29 55.38 54.47 53.56 52.65 51.73 50.80 49.88 48.95 48.02 47.09 46.15 45.21 44.27 43.33 42.39 41.44 40.49 39.54 38.59 37.64 36.69 35.73 34.77 33.82 32.86 31.90 30.94 29.97 29.01 28.05 27.08 26.11 25.15 24.18 23.21 22.24 21.27 
69.96 70.70 71.43 72.14 72.83 73.51 74.16 74.79 75.39 75.97 76.52 77.04 77.52 77.98 78.39 78.77 79.10 79.39 79.64 79.84 79.99 80.10 80.15 80.15 80.10 80.01 79.86 79.67 79.42 79.14 78.81 78.44 78.02 77.58 77.09 76.58 76.03 75.46 74.86 74.23 73.58 72.91 72.22 71.51 70.78 70.04 69.29 68.52 67.73 66.94 66.13 65.32 64.49 63.66 62.82 61.97 61.11 60.25 59.38 58.50 57.62 56.74 55.85 54.95 54.05 53.15 52.24 51.33 50.41 49.49 48.57 47.65 46.72 45.79 44.86 43.93 42.99 42.05 41.11 40.17 39.23 38.28 37.33 36.38 35.43 34.48 33.53 32.57 31.61 30.66 29.70 28.74 27.78 26.81 25.85 24.89 23.92 22.96 21.99 21.02 
69.29 70.02 70.73 71.42 72.09 72.75 73.38 73.99 74.58 75.14 75.67 76.17 76.64 77.07 77.47 77.83 78.15 78.43 78.67 78.86 79.00 79.10 79.15 79.15 79.11 79.01 78.87 78.69 78.46 78.18 77.87 77.51 77.12 76.69 76.22 75.73 75.20 74.64 74.06 73.45 72.82 72.17 71.50 70.80 70.10 69.37 68.63 67.88 67.11 66.33 65.54 64.74 63.93 63.10 62.28 61.44 60.59 59.74 58.88 58.02 57.15 56.27 55.39 54.50 53.61 52.71 51.81 50.91 50.00 49.09 48.18 47.26 46.34 45.42 44.49 43.57 42.64 41.70 40.77 39.83 38.89 37.95 37.01 36.06 35.12 34.17 33.22 32.27 31.32 30.36 29.41 28.45 27.50 26.54 25.58 24.62 23.66 22.69 21.73 20.77 
68.60 69.31 70.01 70.68 71.34 71.98 72.59 73.18 73.75 74.29 74.81 75.29 75.74 76.16 76.54 76.89 77.19 77.46 77.69 77.87 78.01 78.10 78.15 78.15 78.11 78.02 77.89 77.71 77.49 77.23 76.92 76.58 76.20 75.79 75.34 74.86 74.35 73.81 73.25 72.66 72.05 71.41 70.76 70.08 69.39 68.68 67.96 67.22 66.47 65.70 64.92 64.14 63.34 62.53 61.71 60.89 60.05 59.21 58.37 57.51 56.65 55.78 54.91 54.03 53.15 52.27 51.37 50.48 49.58 48.68 47.77 46.86 45.95 45.03 44.11 43.19 42.26 41.34 40.41 39.48 38.54 37.61 36.67 35.73 34.79 33.85 32.90 31.95 31.01 30.06 29.11 28.16 27.20 26.25 25.29 24.33 23.38 22.42 21.46 20.50 
67.90 68.59 69.27 69.93 70.57 71.19 71.79 72.36 72.91 73.44 73.93 74.40 74.84 75.24 75.61 75.94 76.24 76.49 76.71 76.88 77.01 77.10 77.15 77.15 77.11 77.03 76.90 76.73 76.52 76.27 75.98 75.65 75.28 74.88 74.45 73.99 73.49 72.97 72.43 71.85 71.26 70.64 70.00 69.34 68.67 67.98 67.27 66.54 65.81 65.06 64.29 63.52 62.73 61.94 61.13 60.32 59.50 58.67 57.83 56.99 56.14 55.28 54.42 53.55 52.68 51.80 50.92 50.03 49.14 48.24 47.34 46.44 45.53 44.63 43.71 42.80 41.88 40.96 40.03 39.11 38.18 37.25 36.32 35.38 34.45 33.51 32.57 31.63 30.68 29.74 28.79 27.84 26.90 25.94 24.99 24.04 23.09 22.13 21.17 20.22 
67.18 67.86 68.52 69.16 69.79 70.39 70.97 71.53 72.07 72.57 73.05 73.50 73.93 74.31 74.67 74.99 75.27 75.52 75.73 75.89 76.02 76.11 76.15 76.15 76.11 76.03 75.91 75.75 75.54 75.30 75.02 74.71 74.36 73.97 73.55 73.11 72.63 72.12 71.59 71.04 70.46 69.86 69.23 68.59 67.93 67.26 66.56 65.85 65.13 64.39 63.65 62.88 62.11 61.33 60.54 59.74 58.93 58.11 57.28 56.45 55.61 54.76 53.91 53.05 52.19 51.32 50.44 49.56 48.68 47.79 46.90 46.01 45.11 44.21 43.30 42.39 41.48 40.56 39.65 38.73 37.80 36.88 35.95 35.02 34.09 33.16 32.22 31.29 30.35 29.41 28.47 27.52 26.58 25.63 24.68 23.73 22.78 21.83 20.88 19.92 
66.45 67.11 67.76 68.38 68.99 69.58 70.15 70.69 71.21 71.70 72.16 72.60 73.01 73.38 73.73 74.03 74.31 74.54 74.74 74.90 75.03 75.11 75.15 75.15 75.12 75.04 74.92 74.76 74.57 74.34 74.07 73.76 73.42 73.05 72.65 72.21 71.75 71.26 70.75 70.21 69.64 69.06 68.45 67.83 67.18 66.52 65.84 65.15 64.44 63.72 62.98 62.23 61.48 60.71 59.93 59.14 58.34 57.53 56.72 55.89 55.06 54.23 53.38 52.54 51.68 50.82 49.95 49.08 48.21 47.33 46.45 45.56 44.67 43.77 42.87 41.97 41.06 40.16 39.24 38.33 37.41 36.50 35.57 34.65 33.72 32.80 31.87 30.93 30.00 29.06 28.13 27.19 26.25 25.30 24.36 23.41 22.47 21.52 20.57 19.62 
65.70 66.35 66.98 67.59 68.19 68.76 69.31 69.84 70.34 70.82 71.27 71.69 72.08 72.45 72.78 73.08 73.34 73.57 73.76 73.91 74.03 74.11 74.15 74.15 74.12 74.04 73.93 73.78 73.59 73.37 73.11 72.81 72.49 72.13 71.74 71.32 70.87 70.39 69.89 69.37 68.82 68.25 67.66 67.05 66.42 65.77 65.11 64.43 63.73 63.03 62.30 61.57 60.82 60.07 59.30 58.52 57.73 56.94 56.14 55.32 54.50 53.68 52.84 52.00 51.16 50.31 49.45 48.59 47.72 46.85 45.97 45.09 44.21 43.32 42.43 41.53 40.64 39.73 38.83 37.92 37.01 36.10 35.18 34.26 33.34 32.42 31.49 30.57 29.64 28.71 27.77 26.84 25.90 24.97 24.03 23.08 22.14 21.20 20.25 19.31 
64.94 65.57 66.19 66.79 67.37 67.93 68.46 68.98 69.46 69.93 70.37 70.78 71.16 71.51 71.83 72.11 72.37 72.59 72.77 72.92 73.04 73.11 73.15 73.15 73.12 73.05 72.94 72.79 72.61 72.39 72.14 71.86 71.54 71.20 70.82 70.41 69.98 69.52 69.03 68.52 67.99 67.43 66.85 66.26 65.64 65.01 64.36 63.70 63.01 62.32 61.61 60.89 60.16 59.41 58.66 57.89 57.12 56.33 55.54 54.74 53.93 53.11 52.29 51.46 50.62 49.78 48.93 48.08 47.22 46.36 45.49 44.62 43.74 42.86 41.97 41.09 40.19 39.30 38.40 37.50 36.59 35.69 34.78 33.86 32.95 32.03 31.11 30.19 29.26 28.34 27.41 26.48 25.55 24.62 23.68 22.74 21.80 20.86 19.92 18.98 
64.17 64.79 65.39 65.98 66.54 67.08 67.61 68.11 68.58 69.03 69.46 69.85 70.22 70.56 70.87 71.15 71.40 71.61 71.79 71.93 72.04 72.11 72.15 72.15 72.12 72.05 71.95 71.80 71.63 71.42 71.18 70.91 70.60 70.26 69.90 69.50 69.08 68.63 68.16 67.66 67.14 66.60 66.04 65.46 64.86 64.24 63.60 62.95 62.28 61.60 60.91 60.20 59.48 58.74 58.00 57.25 56.48 55.71 54.93 54.14 53.34 52.53 51.72 50.90 50.07 49.24 48.40 47.55 46.70 45.85 44.99 44.12 43.26 42.38 41.50 40.62 39.74 38.85 37.96 37.06 36.16 35.26 34.36 33.45 32.54 31.63 30.72 29.80 28.88 27.96 27.03 26.11 25.18 24.25 23.32 22.39 21.46 20.52 19.58 18.64 
63.38 63.99 64.58 65.15 65.70 66.23 66.74 67.23 67.69 68.13 68.54 68.93 69.29 69.62 69.92 70.18 70.42 70.63 70.80 70.94 71.04 71.12 71.15 71.15 71.12 71.05 70.95 70.82 70.65 70.45 70.21 69.95 69.65 69.32 68.97 68.59 68.18 67.74 67.28 66.80 66.29 65.76 65.22 64.65 64.06 63.45 62.83 62.19 61.54 60.87 60.19 59.49 58.78 58.06 57.33 56.59 55.84 55.07 54.30 53.52 52.74 51.94 51.14 50.32 49.51 48.68 47.85 47.02 46.18 45.33 44.48 43.62 42.76 41.89 41.02 40.15 39.27 38.39 37.50 36.61 35.72 34.83 33.93 33.03 32.12 31.22 30.31 29.40 28.48 27.57 26.65 25.73 24.80 23.88 22.95 22.03 21.10 20.16 19.23 18.30 
62.59 63.19 63.76 64.32 64.86 65.38 65.87 66.35 66.80 67.22 67.62 68.00 68.35 68.66 68.96 69.22 69.45 69.64 69.81 69.95 70.05 70.12 70.15 70.15 70.12 70.06 69.96 69.83 69.66 69.47 69.24 68.99 68.70 68.38 68.04 67.67 67.27 66.85 66.40 65.93 65.43 64.92 64.38 63.83 63.25 62.66 62.05 61.42 60.78 60.13 59.46 58.77 58.08 57.37 56.65 55.92 55.18 54.43 53.67 52.90 52.12 51.33 50.54 49.74 48.93 48.11 47.29 46.47 45.63 44.79 43.95 43.10 42.25 41.39 40.53 39.66 38.79 37.91 37.03 36.15 35.27 34.38 33.49 32.59 31.69 30.79 29.89 28.98 28.07 27.16 26.25 25.33 24.42 23.50 22.57 21.65 20.72 19.80 18.87 17.94 
61.79 62.37 62.94 63.48 64.01 64.51 64.99 65.46 65.90 66.31 66.70 67.06 67.40 67.71 67.99 68.25 68.47 68.66 68.82 68.95 69.05 69.12 69.15 69.15 69.12 69.06 68.97 68.84 68.68 68.49 68.27 68.02 67.74 67.44 67.10 66.74 66.35 65.94 65.51 65.05 64.57 64.06 63.54 63.00 62.44 61.86 61.26 60.65 60.02 59.37 58.72 58.04 57.36 56.66 55.95 55.24 54.51 53.77 53.02 52.26 51.49 50.71 49.93 49.14 48.34 47.53 46.72 45.90 45.08 44.25 43.41 42.57 41.72 40.87 40.02 39.16 38.29 37.43 36.55 35.68 34.80 33.92 33.03 32.14 31.25 30.35 29.46 28.56 27.65 26.75 25.84 24.93 24.01 23.10 22.18 21.26 20.34 19.42 18.49 17.57 
60.98 61.55 62.10 62.63 63.15 63.64 64.11 64.56 64.99 65.39 65.77 66.13 66.45 66.75 67.03 67.27 67.49 67.68 67.83 67.96 68.05 68.12 68.15 68.15 68.12 68.06 67.97 67.85 67.70 67.51 67.30 67.06 66.79 66.49 66.16 65.81 65.44 65.03 64.61 64.16 63.69 63.20 62.69 62.16 61.61 61.04 60.46 59.86 59.24 58.61 57.96 57.30 56.63 55.95 55.25 54.54 53.82 53.09 52.35 51.60 50.85 50.08 49.31 48.53 47.74 46.94 46.14 45.33 44.51 43.69 42.86 42.03 41.19 40.35 39.50 38.65 37.79 36.93 36.06 35.19 34.32 33.44 32.56 31.68 30.80 29.91 29.01 28.12 27.22 26.32 25.42 24.51 23.60 22.69 21.78 20.87 19.95 19.03 18.11 17.19 
60.16 60.72 61.25 61.78 62.28 62.76 63.22 63.66 64.08 64.47 64.84 65.18 65.50 65.80 66.06 66.30 66.51 66.69 66.84 66.97 67.06 67.12 67.15 67.15 67.13 67.07 66.98 66.86 66.71 66.53 66.32 66.09 65.83 65.54 65.22 64.88 64.51 64.12 63.71 63.27 62.81 62.33 61.83 61.31 60.78 60.22 59.65 59.06 58.45 57.83 57.20 56.55 55.89 55.22 54.53 53.83 53.13 52.41 51.68 50.94 50.19 49.44 48.67 47.90 47.12 46.33 45.54 44.74 43.93 43.12 42.30 41.47 40.64 39.81 38.97 38.12 37.27 36.42 35.56 34.70 33.83 32.96 32.09 31.21 30.33 29.45 28.56 27.67 26.78 25.88 24.98 24.08 23.18 22.28 21.37 20.46 19.55 18.63 17.72 16.80 
59.33 59.88 60.40 60.91 61.40 61.87 62.32 62.75 63.16 63.54 63.90 64.24 64.55 64.83 65.09 65.32 65.53 65.70 65.85 65.97 66.06 66.12 66.15 66.15 66.13 66.07 65.98 65.87 65.72 65.55 65.35 65.12 64.86 64.58 64.27 63.94 63.58 63.20 62.80 62.37 61.93 61.46 60.97 60.46 59.94 59.39 58.83 58.25 57.66 57.05 56.43 55.79 55.14 54.48 53.80 53.12 52.42 51.71 50.99 50.27 49.53 48.78 48.03 47.26 46.49 45.72 44.93 44.14 43.34 42.53 41.72 40.91 40.08 39.26 38.42 37.58 36.74 35.89 35.04 34.19 33.33 32.46 31.60 30.73 29.85 28.97 28.09 27.21 26.32 25.43 24.54 23.65 22.75 21.85 20.95 20.04 19.13 18.22 17.31 16.40 
58.49 59.03 59.55 60.04 60.52 60.98 61.42 61.84 62.24 62.61 62.96 63.29 63.59 63.87 64.12 64.35 64.55 64.72 64.86 64.98 65.06 65.12 65.15 65.15 65.13 65.07 64.99 64.88 64.73 64.57 64.37 64.15 63.90 63.63 63.33 63.00 62.65 62.28 61.89 61.47 61.03 60.58 60.10 59.60 59.09 58.55 58.00 57.44 56.86 56.26 55.65 55.02 54.38 53.73 53.07 52.39 51.70 51.01 50.30 49.58 48.85 48.12 47.37 46.62 45.86 45.09 44.31 43.53 42.74 41.94 41.14 40.33 39.51 38.69 37.87 37.04 36.20 35.36 34.52 33.67 32.81 31.96 31.10 30.23 29.36 28.49 27.62 26.74 25.86 24.97 24.09 23.20 22.31 21.41 20.51 19.61 18.71 17.81 16.90 15.99 
57.65 58.17 58.68 59.17 59.64 60.09 60.52 60.93 61.31 61.68 62.02 62.34 62.64 62.91 63.15 63.37 63.56 63.73 63.87 63.98 64.07 64.12 64.15 64.15 64.13 64.07 63.99 63.88 63.75 63.58 63.39 63.18 62.93 62.67 62.37 62.06 61.72 61.36 60.97 60.57 60.14 59.69 59.22 58.74 58.23 57.71 57.17 56.62 56.04 55.46 54.86 54.24 53.61 52.97 52.32 51.65 50.98 50.29 49.59 48.88 48.17 47.44 46.70 45.96 45.21 44.45 43.68 42.90 42.12 41.33 40.54 39.74 38.93 38.12 37.30 36.48 35.65 34.82 33.98 33.14 32.29 31.44 30.59 29.73 28.87 28.00 27.13 26.26 25.38 24.50 23.62 22.74 21.85 20.96 20.07 19.17 18.28 17.38 16.47 15.57 
56.80 57.31 57.81 58.29 58.75 59.19 59.61 60.01 60.39 60.74 61.08 61.39 61.68 61.94 62.18 62.39 62.58 62.74 62.88 62.99 63.07 63.12 63.15 63.15 63.13 63.08 63.00 62.89 62.76 62.60 62.41 62.20 61.97 61.71 61.42 61.11 60.78 60.43 60.05 59.65 59.24 58.80 58.34 57.87 57.37 56.86 56.33 55.79 55.23 54.65 54.06 53.45 52.84 52.21 51.56 50.91 50.24 49.56 48.88 48.18 47.47 46.75 46.03 45.29 44.55 43.80 43.04 42.27 41.50 40.72 39.93 39.14 38.34 37.53 36.72 35.91 35.09 34.26 33.43 32.60 31.76 30.91 30.06 29.21 28.36 27.50 26.63 25.77 24.90 24.03 23.15 22.27 21.39 20.50 19.62 18.73 17.83 16.94 16.04 15.14 
55.95 56.45 56.93 57.40 57.85 58.28 58.69 59.08 59.45 59.80 60.13 60.43 60.71 60.97 61.20 61.41 61.59 61.75 61.88 61.99 62.07 62.13 62.15 62.15 62.13 62.08 62.00 61.90 61.77 61.61 61.43 61.23 61.00 60.74 60.46 60.16 59.84 59.49 59.13 58.74 58.33 57.90 57.45 56.99 56.50 56.00 55.48 54.95 54.40 53.83 53.25 52.66 52.05 51.43 50.80 50.15 49.50 48.83 48.15 47.46 46.76 46.06 45.34 44.61 43.88 43.14 42.39 41.63 40.86 40.09 39.31 38.53 37.74 36.94 36.14 35.33 34.51 33.70 32.87 32.04 31.21 30.37 29.53 28.69 27.84 26.98 26.13 25.27 24.40 23.54 22.66 21.79 20.91 20.03 19.15 18.27 17.38 16.49 15.60 14.70 
55.08 55.58 56.05 56.51 56.95 57.37 57.78 58.16 58.52 58.86 59.18 59.47 59.75 60.00 60.23 60.43 60.61 60.76 60.89 60.99 61.07 61.13 61.15 61.15 61.13 61.08 61.01 60.90 60.78 60.63 60.45 60.25 60.03 59.78 59.51 59.21 58.90 58.56 58.20 57.82 57.42 57.00 56.56 56.11 55.63 55.14 54.63 54.11 53.57 53.01 52.44 51.86 51.26 50.65 50.03 49.39 48.74 48.09 47.42 46.74 46.05 45.35 44.64 43.92 43.20 42.47 41.72 40.97 40.22 39.45 38.68 37.91 37.12 36.33 35.54 34.74 33.93 33.12 32.30 31.48 30.66 29.83 28.99 28.15 27.31 26.46 25.61 24.76 23.90 23.04 22.17 21.30 20.43 19.56 18.68 17.80 16.92 16.03 15.14 14.25 
54.22 54.70 55.17 55.62 56.05 56.46 56.85 57.23 57.58 57.91 58.23 58.52 58.78 59.03 59.25 59.45 59.62 59.77 59.90 60.00 60.08 60.13 60.15 60.15 60.13 60.08 60.01 59.91 59.79 59.64 59.47 59.27 59.05 58.81 58.55 58.26 57.95 57.62 57.27 56.90 56.51 56.10 55.67 55.22 54.75 54.27 53.77 53.26 52.73 52.18 51.62 51.05 50.46 49.86 49.24 48.62 47.98 47.33 46.67 46.00 45.32 44.63 43.94 43.23 42.51 41.79 41.05 40.31 39.56 38.81 38.05 37.28 36.50 35.72 34.93 34.14 33.34 32.53 31.72 30.91 30.09 29.27 28.44 27.61 26.77 25.93 25.08 24.23 23.38 22.53 21.67 20.80 19.94 19.07 18.20 17.32 16.44 15.56 14.68 13.80 
53.34 53.82 54.28 54.72 55.14 55.54 55.93 56.30 56.64 56.97 57.27 57.55 57.82 58.05 58.27 58.46 58.63 58.78 58.90 59.00 59.08 59.13 59.15 59.15 59.13 59.08 59.01 58.92 58.80 58.65 58.48 58.29 58.08 57.84 57.58 57.30 57.00 56.68 56.33 55.97 55.59 55.19 54.77 54.33 53.87 53.40 52.91 52.40 51.88 51.34 50.79 50.23 49.65 49.06 48.46 47.84 47.21 46.57 45.92 45.26 44.59 43.91 43.22 42.52 41.81 41.10 40.37 39.64 38.90 38.15 37.40 36.64 35.87 35.09 34.31 33.53 32.74 31.94 31.14 30.33 29.52 28.70 27.88 27.05 26.22 25.39 24.55 23.70 22.86 22.01 21.15 20.30 19.44 18.57 17.71 16.84 15.96 15.09 14.21 13.33 
52.47 52.93 53.38 53.81 54.23 54.62 55.00 55.36 55.70 56.02 56.31 56.59 56.85 57.08 57.29 57.48 57.65 57.79 57.91 58.01 58.08 58.13 58.15 58.16 58.13 58.09 58.02 57.92 57.80 57.66 57.50 57.31 57.10 56.87 56.62 56.35 56.05 55.73 55.40 55.04 54.67 54.27 53.86 53.43 52.98 52.52 52.04 51.54 51.03 50.50 49.96 49.40 48.84 48.25 47.66 47.05 46.43 45.80 45.16 44.51 43.85 43.18 42.50 41.81 41.11 40.40 39.68 38.96 38.23 37.49 36.74 35.99 35.23 34.46 33.69 32.91 32.12 31.33 30.54 29.74 28.93 28.12 27.31 26.49 25.66 24.83 24.00 23.16 22.32 21.48 20.63 19.78 18.92 18.07 17.20 16.34 15.47 14.60 13.73 12.85 
51.58 52.04 52.48 52.91 53.31 53.70 54.07 54.42 54.75 55.06 55.36 55.63 55.88 56.10 56.31 56.50 56.66 56.80 56.92 57.01 57.08 57.13 57.15 57.16 57.13 57.09 57.02 56.93 56.81 56.68 56.52 56.33 56.13 55.90 55.66 55.39 55.10 54.79 54.46 54.11 53.74 53.36 52.95 52.53 52.09 51.63 51.16 50.67 50.17 49.65 49.12 48.57 48.01 47.44 46.86 46.26 45.65 45.03 44.40 43.75 43.10 42.44 41.76 41.08 40.39 39.69 38.98 38.27 37.54 36.81 36.07 35.33 34.58 33.82 33.05 32.28 31.50 30.72 29.93 29.14 28.34 27.53 26.73 25.91 25.09 24.27 23.45 22.61 21.78 20.94 20.10 19.25 18.40 17.55 16.69 15.84 14.97 14.11 13.24 12.37 
50.70 51.14 51.58 51.99 52.39 52.77 53.14 53.48 53.80 54.11 54.39 54.66 54.90 55.13 55.33 55.51 55.67 55.81 55.92 56.01 56.08 56.13 56.15 56.16 56.13 56.09 56.02 55.93 55.82 55.69 55.53 55.35 55.15 54.93 54.69 54.43 54.14 53.84 53.52 53.17 52.81 52.44 52.04 51.63 51.19 50.75 50.28 49.80 49.31 48.80 48.28 47.74 47.19 46.62 46.05 45.46 44.86 44.25 43.62 42.99 42.34 41.69 41.03 40.35 39.67 38.98 38.28 37.57 36.85 36.13 35.40 34.66 33.92 33.17 32.41 31.64 30.87 30.10 29.32 28.53 27.74 26.94 26.14 25.33 24.52 23.70 22.88 22.06 21.23 20.39 19.56 18.72 17.87 17.03 16.18 15.32 14.47 13.61 12.74 11.88 
49.80 50.25 50.67 51.08 51.47 51.84 52.20 52.54 52.85 53.15 53.43 53.69 53.93 54.15 54.35 54.53 54.68 54.81 54.93 55.02 55.08 55.13 55.15 55.16 55.13 55.09 55.03 54.94 54.83 54.70 54.54 54.37 54.17 53.96 53.72 53.46 53.19 52.89 52.57 52.24 51.88 51.51 51.12 50.72 50.29 49.85 49.40 48.93 48.44 47.94 47.43 46.90 46.35 45.80 45.23 44.65 44.06 43.46 42.84 42.22 41.58 40.93 40.28 39.61 38.94 38.26 37.56 36.86 36.16 35.44 34.72 33.99 33.25 32.51 31.76 31.00 30.24 29.47 28.69 27.91 27.13 26.33 25.54 24.74 23.93 23.12 22.31 21.49 20.67 19.84 19.01 18.17 17.34 16.49 15.65 14.80 13.95 13.09 12.24 11.37 
48.91 49.34 49.76 50.16 50.54 50.91 51.26 51.59 51.90 52.20 52.47 52.72 52.96 53.17 53.37 53.54 53.69 53.82 53.93 54.02 54.09 54.13 54.15 54.16 54.13 54.09 54.03 53.94 53.84 53.71 53.56 53.39 53.19 52.98 52.75 52.50 52.23 51.94 51.63 51.30 50.95 50.59 50.20 49.81 49.39 48.96 48.51 48.05 47.57 47.08 46.57 46.05 45.52 44.97 44.41 43.84 43.25 42.66 42.05 41.44 40.81 40.17 39.52 38.87 38.20 37.53 36.84 36.15 35.45 34.74 34.03 33.30 32.57 31.84 31.09 30.34 29.59 28.83 28.06 27.28 26.51 25.72 24.93 24.14 23.34 22.54 21.73 20.91 20.10 19.28 18.45 17.62 16.79 15.95 15.11 14.27 13.42 12.57 11.72 10.86 
48.01 48.44 48.85 49.24 49.62 49.98 50.32 50.64 50.95 51.24 51.50 51.75 51.98 52.19 52.38 52.55 52.70 52.83 52.94 53.02 53.09 53.13 53.15 53.16 53.14 53.09 53.03 52.95 52.84 52.72 52.57 52.40 52.21 52.01 51.78 51.53 51.27 50.98 50.68 50.35 50.01 49.66 49.28 48.89 48.48 48.06 47.62 47.16 46.69 46.21 45.71 45.20 44.67 44.13 43.58 43.02 42.44 41.86 41.26 40.65 40.03 39.40 38.76 38.11 37.46 36.79 36.11 35.43 34.74 34.04 33.33 32.61 31.89 31.16 30.42 29.68 28.93 28.18 27.42 26.65 25.88 25.10 24.32 23.53 22.74 21.94 21.14 20.33 19.52 18.70 17.88 17.06 16.23 15.40 14.57 13.73 12.89 12.04 11.20 10.35 
47.11 47.53 47.93 48.31 48.68 49.04 49.37 49.69 49.99 50.27 50.54 50.78 51.01 51.21 51.40 51.56 51.71 51.84 51.94 52.03 52.09 52.13 52.15 52.16 52.14 52.10 52.03 51.95 51.85 51.73 51.58 51.42 51.23 51.03 50.81 50.57 50.30 50.02 49.73 49.41 49.08 48.73 48.36 47.97 47.57 47.15 46.72 46.27 45.81 45.34 44.84 44.34 43.82 43.29 42.75 42.19 41.63 41.05 40.46 39.86 39.25 38.63 37.99 37.35 36.70 36.04 35.38 34.70 34.01 33.32 32.62 31.91 31.20 30.48 29.75 29.01 28.27 27.52 26.77 26.01 25.24 24.47 23.69 22.91 22.13 21.34 20.54 19.74 18.93 18.12 17.31 16.49 15.67 14.85 14.02 13.18 12.35 11.51 10.67 9.82 
46.20 46.61 47.01 47.39 47.75 48.10 48.43 48.74 49.03 49.31 49.57 49.81 50.03 50.23 50.41 50.58 50.72 50.84 50.95 51.03 51.09 51.13 51.15 51.16 51.14 51.10 51.04 50.96 50.85 50.73 50.59 50.43 50.25 50.05 49.83 49.60 49.34 49.07 48.77 48.46 48.14 47.79 47.43 47.05 46.66 46.25 45.82 45.38 44.93 44.46 43.98 43.48 42.97 42.45 41.91 41.36 40.80 40.23 39.65 39.06 38.46 37.84 37.22 36.59 35.94 35.29 34.63 33.96 33.29 32.60 31.91 31.21 30.50 29.78 29.06 28.33 27.60 26.86 26.11 25.36 24.60 23.83 23.06 22.29 21.51 20.72 19.93 19.14 18.34 17.54 16.73 15.92 15.10 14.28 13.46 12.63 11.80 10.96 10.13 9.28 
45.29 45.70 46.08 46.46 46.82 47.16 47.48 47.79 48.08 48.35 48.60 48.84 49.05 49.25 49.43 49.59 49.73 49.85 49.95 50.03 50.09 50.13 50.15 50.16 50.14 50.10 50.04 49.96 49.86 49.74 49.60 49.45 49.27 49.07 48.86 48.63 48.38 48.11 47.82 47.51 47.19 46.85 46.50 46.13 45.74 45.34 44.92 44.49 44.04 43.58 43.10 42.61 42.11 41.60 41.07 40.53 39.98 39.41 38.84 38.25 37.66 37.05 36.44 35.81 35.18 34.53 33.88 33.22 32.55 31.87 31.19 30.49 29.79 29.09 28.37 27.65 26.92 26.19 25.45 24.70 23.95 23.19 22.42 21.66 20.88 20.10 19.32 18.53 17.74 16.94 16.14 15.33 14.52 13.71 12.89 12.07 11.24 10.41 9.58 8.74 
44.38 44.78 45.16 45.53 45.88 46.21 46.53 46.83 47.11 47.38 47.63 47.86 48.07 48.27 48.44 48.60 48.74 48.85 48.95 49.03 49.09 49.13 49.15 49.16 49.14 49.10 49.04 48.96 48.87 48.75 48.62 48.46 48.29 48.10 47.89 47.66 47.41 47.15 46.86 46.56 46.25 45.92 45.57 45.20 44.82 44.42 44.01 43.59 43.15 42.69 42.22 41.74 41.25 40.74 40.22 39.69 39.14 38.59 38.02 37.44 36.86 36.26 35.65 35.03 34.41 33.77 33.12 32.47 31.81 31.14 30.46 29.77 29.08 28.38 27.67 26.96 26.24 25.51 24.77 24.03 23.29 22.54 21.78 21.02 20.25 19.48 18.70 17.91 17.13 16.34 15.54 14.74 13.93 13.12 12.31 11.50 10.67 9.85 9.02 8.19 
43.46 43.85 44.23 44.59 44.94 45.27 45.58 45.87 46.15 46.41 46.66 46.89 47.09 47.28 47.46 47.61 47.74 47.86 47.96 48.04 48.09 48.13 48.15 48.16 48.14 48.10 48.04 47.97 47.87 47.76 47.63 47.47 47.30 47.12 46.91 46.68 46.44 46.18 45.91 45.61 45.30 44.97 44.63 44.27 43.90 43.51 43.10 42.68 42.25 41.80 41.34 40.87 40.38 39.88 39.37 38.84 38.31 37.76 37.20 36.63 36.05 35.46 34.86 34.25 33.63 33.00 32.36 31.71 31.06 30.40 29.72 29.05 28.36 27.67 26.96 26.26 25.54 24.82 24.09 23.36 22.62 21.88 21.13 20.37 19.61 18.84 18.07 17.29 16.51 15.72 14.93 14.14 13.34 12.54 11.73 10.92 10.10 9.28 8.46 7.63 
42.54 42.93 43.30 43.65 43.99 44.32 44.62 44.92 45.19 45.45 45.69 45.91 46.11 46.30 46.47 46.62 46.75 46.87 46.96 47.04 47.10 47.13 47.15 47.16 47.14 47.10 47.05 46.97 46.88 46.77 46.64 46.49 46.32 46.14 45.93 45.71 45.47 45.22 44.95 44.66 44.35 44.03 43.69 43.34 42.97 42.59 42.19 41.78 41.35 40.91 40.46 39.99 39.51 39.01 38.51 37.99 37.46 36.92 36.37 35.81 35.24 34.65 34.06 33.46 32.84 32.22 31.59 30.95 30.30 29.65 28.98 28.31 27.63 26.95 26.25 25.55 24.84 24.13 23.41 22.68 21.95 21.21 20.46 19.71 18.96 18.20 17.43 16.66 15.89 15.11 14.32 13.53 12.74 11.94 11.14 10.33 9.52 8.71 7.89 7.07 
